16 32
0: 1 0.316376 2 0.0397605 3 0.567725 9 0.106445 14 0.806235 6 0.315497
1: 0 0.316376 13 0.500223
2: 0 0.0397605 4 0.95631 11 0.994015 9 0.0268502
3: 0 0.567725 10 0.807289 7 0.25872
4: 2 0.95631 5 0.653177 7 0.747715
5: 4 0.653177 6 0.373922 10 0.790823 9 0.187819
6: 5 0.373922 12 0.0959694 14 0.609494 11 0.848602 0 0.315497
7: 4 0.747715 8 0.0267907 11 0.809813 14 0.526256 3 0.25872 10 0.459374
8: 7 0.0267907 11 0.178054 14 0.167743
9: 0 0.106445 2 0.0268502 14 0.0519585 5 0.187819
10: 3 0.807289 12 0.556398 15 0.4676 5 0.790823 14 0.728266 7 0.459374
11: 7 0.809813 2 0.994015 14 0.0246772 8 0.178054 6 0.848602
12: 10 0.556398 13 0.723686 6 0.0959694
13: 12 0.723686 1 0.500223
14: 0 0.806235 11 0.0246772 7 0.526256 9 0.0519585 10 0.728266 8 0.167743 6 0.609494
15: 10 0.4676
